0 0 0 0 100
0 0 0 1 98
0 0 0 2 96
0 0 0 3 94
0 0 0 4 92
0 0 0 5 90
0 0 0 6 88
0 0 0 7 86
0 0 0 8 84
0 0 0 9 82
0 0 0 10 80
0 0 0 11 78
0 0 0 12 76
0 0 0 13 74
0 0 0 14 72
0 0 0 15 70
0 0 0 16 68
0 0 0 17 66
0 0 0 18 64
0 0 0 19 62
0 0 0 20 60
0 0 0 21 58
0 0 0 22 56
0 0 0 23 54
0 0 0 24 52
0 0 0 25 50
0 0 0 26 48
0 0 0 27 46
0 0 0 28 44
0 0 0 29 42
0 0 0 30 40
0 0 0 31 38
0 0 0 32 36
0 0 0 33 34
0 0 0 34 32
0 0 0 35 30
0 0 0 36 28
0 0 0 37 26
0 0 0 38 24
0 0 0 39 22
0 0 0 40 20
0 0 0 41 18
0 0 0 42 16
0 0 0 43 14
0 0 0 44 12
0 0 0 45 10
0 0 0 46 8
0 0 0 47 6
0 0 0 48 4
0 0 0 49 2
0 0 0 50 0
0 0 1 0 95
0 0 1 1 93
0 0 1 2 91
0 0 1 3 89
0 0 1 4 87
0 0 1 5 85
0 0 1 6 83
0 0 1 7 81
0 0 1 8 79
0 0 1 9 77
0 0 1 10 75
0 0 1 11 73
0 0 1 12 71
0 0 1 13 69
0 0 1 14 67
0 0 1 15 65
0 0 1 16 63
0 0 1 17 61
0 0 1 18 59
0 0 1 19 57
0 0 1 20 55
0 0 1 21 53
0 0 1 22 51
0 0 1 23 49
0 0 1 24 47
0 0 1 25 45
0 0 1 26 43
0 0 1 27 41
0 0 1 28 39
0 0 1 29 37
0 0 1 30 35
0 0 1 31 33
0 0 1 32 31
0 0 1 33 29
0 0 1 34 27
0 0 1 35 25
0 0 1 36 23
0 0 1 37 21
0 0 1 38 19
0 0 1 39 17
0 0 1 40 15
0 0 1 41 13
0 0 1 42 11
0 0 1 43 9
0 0 1 44 7
0 0 1 45 5
0 0 1 46 3
0 0 1 47 1
0 0 2 0 90
0 0 2 1 88
0 0 2 2 86
0 0 2 3 84
0 0 2 4 82
0 0 2 5 80
0 0 2 6 78
0 0 2 7 76
0 0 2 8 74
0 0 2 9 72
0 0 2 10 70
0 0 2 11 68
0 0 2 12 66
0 0 2 13 64
0 0 2 14 62
0 0 2 15 60
0 0 2 16 58
0 0 2 17 56
0 0 2 18 54
0 0 2 19 52
0 0 2 20 50
0 0 2 21 48
0 0 2 22 46
0 0 2 23 44
0 0 2 24 42
0 0 2 25 40
0 0 2 26 38
0 0 2 27 36
0 0 2 28 34
0 0 2 29 32
0 0 2 30 30
0 0 2 31 28
0 0 2 32 26
0 0 2 33 24
0 0 2 34 22
0 0 2 35 20
0 0 2 36 18
0 0 2 37 16
0 0 2 38 14
0 0 2 39 12
0 0 2 40 10
0 0 2 41 8
0 0 2 42 6
0 0 2 43 4
0 0 2 44 2
0 0 2 45 0
0 0 3 0 85
0 0 3 1 83
0 0 3 2 81
0 0 3 3 79
0 0 3 4 77
0 0 3 5 75
0 0 3 6 73
0 0 3 7 71
0 0 3 8 69
0 0 3 9 67
0 0 3 10 65
0 0 3 11 63
0 0 3 12 61
0 0 3 13 59
0 0 3 14 57
0 0 3 15 55
0 0 3 16 53
0 0 3 17 51
0 0 3 18 49
0 0 3 19 47
0 0 3 20 45
0 0 3 21 43
0 0 3 22 41
0 0 3 23 39
0 0 3 24 37
0 0 3 25 35
0 0 3 26 33
0 0 3 27 31
0 0 3 28 29
0 0 3 29 27
0 0 3 30 25
0 0 3 31 23
0 0 3 32 21
0 0 3 33 19
0 0 3 34 17
0 0 3 35 15
0 0 3 36 13
0 0 3 37 11
0 0 3 38 9
0 0 3 39 7
0 0 3 40 5
0 0 3 41 3
0 0 3 42 1
0 0 4 0 80
0 0 4 1 78
0 0 4 2 76
0 0 4 3 74
0 0 4 4 72
0 0 4 5 70
0 0 4 6 68
0 0 4 7 66
0 0 4 8 64
0 0 4 9 62
0 0 4 10 60
0 0 4 11 58
0 0 4 12 56
0 0 4 13 54
0 0 4 14 52
0 0 4 15 50
0 0 4 16 48
0 0 4 17 46
0 0 4 18 44
0 0 4 19 42
0 0 4 20 40
0 0 4 21 38
0 0 4 22 36
0 0 4 23 34
0 0 4 24 32
0 0 4 25 30
0 0 4 26 28
0 0 4 27 26
0 0 4 28 24
0 0 4 29 22
0 0 4 30 20
0 0 4 31 18
0 0 4 32 16
0 0 4 33 14
0 0 4 34 12
0 0 4 35 10
0 0 4 36 8
0 0 4 37 6
0 0 4 38 4
0 0 4 39 2
0 0 4 40 0
0 0 5 0 75
0 0 5 1 73
0 0 5 2 71
0 0 5 3 69
0 0 5 4 67
0 0 5 5 65
0 0 5 6 63
0 0 5 7 61
0 0 5 8 59
0 0 5 9 57
0 0 5 10 55
0 0 5 11 53
0 0 5 12 51
0 0 5 13 49
0 0 5 14 47
0 0 5 15 45
0 0 5 16 43
0 0 5 17 41
0 0 5 18 39
0 0 5 19 37
0 0 5 20 35
0 0 5 21 33
0 0 5 22 31
0 0 5 23 29
0 0 5 24 27
0 0 5 25 25
0 0 5 26 23
0 0 5 27 21
0 0 5 28 19
0 0 5 29 17
0 0 5 30 15
0 0 5 31 13
0 0 5 32 11
0 0 5 33 9
0 0 5 34 7
0 0 5 35 5
0 0 5 36 3
0 0 5 37 1
0 0 6 0 70
0 0 6 1 68
0 0 6 2 66
0 0 6 3 64
0 0 6 4 62
0 0 6 5 60
0 0 6 6 58
0 0 6 7 56
0 0 6 8 54
0 0 6 9 52
0 0 6 10 50
0 0 6 11 48
0 0 6 12 46
0 0 6 13 44
0 0 6 14 42
0 0 6 15 40
0 0 6 16 38
0 0 6 17 36
0 0 6 18 34
0 0 6 19 32
0 0 6 20 30
0 0 6 21 28
0 0 6 22 26
0 0 6 23 24
0 0 6 24 22
0 0 6 25 20
0 0 6 26 18
0 0 6 27 16
0 0 6 28 14
0 0 6 29 12
0 0 6 30 10
0 0 6 31 8
0 0 6 32 6
0 0 6 33 4
0 0 6 34 2
0 0 6 35 0
0 0 7 0 65
0 0 7 1 63
0 0 7 2 61
0 0 7 3 59
0 0 7 4 57
0 0 7 5 55
0 0 7 6 53
0 0 7 7 51
0 0 7 8 49
0 0 7 9 47
0 0 7 10 45
0 0 7 11 43
0 0 7 12 41
0 0 7 13 39
0 0 7 14 37
0 0 7 15 35
0 0 7 16 33
0 0 7 17 31
0 0 7 18 29
0 0 7 19 27
0 0 7 20 25
0 0 7 21 23
0 0 7 22 21
0 0 7 23 19
0 0 7 24 17
0 0 7 25 15
0 0 7 26 13
0 0 7 27 11
0 0 7 28 9
0 0 7 29 7
0 0 7 30 5
0 0 7 31 3
0 0 7 32 1
0 0 8 0 60
0 0 8 1 58
0 0 8 2 56
0 0 8 3 54
0 0 8 4 52
0 0 8 5 50
0 0 8 6 48
0 0 8 7 46
0 0 8 8 44
0 0 8 9 42
0 0 8 10 40
0 0 8 11 38
0 0 8 12 36
0 0 8 13 34
0 0 8 14 32
0 0 8 15 30
0 0 8 16 28
0 0 8 17 26
0 0 8 18 24
0 0 8 19 22
0 0 8 20 20
0 0 8 21 18
0 0 8 22 16
0 0 8 23 14
0 0 8 24 12
0 0 8 25 10
0 0 8 26 8
0 0 8 27 6
0 0 8 28 4
0 0 8 29 2
0 0 8 30 0
0 0 9 0 55
0 0 9 1 53
0 0 9 2 51
0 0 9 3 49
0 0 9 4 47
0 0 9 5 45
0 0 9 6 43
0 0 9 7 41
0 0 9 8 39
0 0 9 9 37
0 0 9 10 35
0 0 9 11 33
0 0 9 12 31
0 0 9 13 29
0 0 9 14 27
0 0 9 15 25
0 0 9 16 23
0 0 9 17 21
0 0 9 18 19
0 0 9 19 17
0 0 9 20 15
0 0 9 21 13
0 0 9 22 11
0 0 9 23 9
0 0 9 24 7
0 0 9 25 5
0 0 9 26 3
0 0 9 27 1
0 0 10 0 50
0 0 10 1 48
0 0 10 2 46
0 0 10 3 44
0 0 10 4 42
0 0 10 5 40
0 0 10 6 38
0 0 10 7 36
0 0 10 8 34
0 0 10 9 32
0 0 10 10 30
0 0 10 11 28
0 0 10 12 26
0 0 10 13 24
0 0 10 14 22
0 0 10 15 20
0 0 10 16 18
0 0 10 17 16
0 0 10 18 14
0 0 10 19 12
0 0 10 20 10
0 0 10 21 8
0 0 10 22 6
0 0 10 23 4
0 0 10 24 2
0 0 10 25 0
0 0 11 0 45
0 0 11 1 43
0 0 11 2 41
0 0 11 3 39
0 0 11 4 37
0 0 11 5 35
0 0 11 6 33
0 0 11 7 31
0 0 11 8 29
0 0 11 9 27
0 0 11 10 25
0 0 11 11 23
0 0 11 12 21
0 0 11 13 19
0 0 11 14 17
0 0 11 15 15
0 0 11 16 13
0 0 11 17 11
0 0 11 18 9
0 0 11 19 7
0 0 11 20 5
0 0 11 21 3
0 0 11 22 1
0 0 12 0 40
0 0 12 1 38
0 0 12 2 36
0 0 12 3 34
0 0 12 4 32
0 0 12 5 30
0 0 12 6 28
0 0 12 7 26
0 0 12 8 24
0 0 12 9 22
0 0 12 10 20
0 0 12 11 18
0 0 12 12 16
0 0 12 13 14
0 0 12 14 12
0 0 12 15 10
0 0 12 16 8
0 0 12 17 6
0 0 12 18 4
0 0 12 19 2
0 0 12 20 0
0 0 13 0 35
0 0 13 1 33
0 0 13 2 31
0 0 13 3 29
0 0 13 4 27
0 0 13 5 25
0 0 13 6 23
0 0 13 7 21
0 0 13 8 19
0 0 13 9 17
0 0 13 10 15
0 0 13 11 13
0 0 13 12 11
0 0 13 13 9
0 0 13 14 7
0 0 13 15 5
0 0 13 16 3
0 0 13 17 1
0 0 14 0 30
0 0 14 1 28
0 0 14 2 26
0 0 14 3 24
0 0 14 4 22
0 0 14 5 20
0 0 14 6 18
0 0 14 7 16
0 0 14 8 14
0 0 14 9 12
0 0 14 10 10
0 0 14 11 8
0 0 14 12 6
0 0 14 13 4
0 0 14 14 2
0 0 14 15 0
0 0 15 0 25
0 0 15 1 23
0 0 15 2 21
0 0 15 3 19
0 0 15 4 17
0 0 15 5 15
0 0 15 6 13
0 0 15 7 11
0 0 15 8 9
0 0 15 9 7
0 0 15 10 5
0 0 15 11 3
0 0 15 12 1
0 0 16 0 20
0 0 16 1 18
0 0 16 2 16
0 0 16 3 14
0 0 16 4 12
0 0 16 5 10
0 0 16 6 8
0 0 16 7 6
0 0 16 8 4
0 0 16 9 2
0 0 16 10 0
0 0 17 0 15
0 0 17 1 13
0 0 17 2 11
0 0 17 3 9
0 0 17 4 7
0 0 17 5 5
0 0 17 6 3
0 0 17 7 1
0 0 18 0 10
0 0 18 1 8
0 0 18 2 6
0 0 18 3 4
0 0 18 4 2
0 0 18 5 0
0 0 19 0 5
0 0 19 1 3
0 0 19 2 1
0 0 20 0 0
0 1 0 0 90
0 1 0 1 88
0 1 0 2 86
0 1 0 3 84
0 1 0 4 82
0 1 0 5 80
0 1 0 6 78
0 1 0 7 76
0 1 0 8 74
0 1 0 9 72
0 1 0 10 70
0 1 0 11 68
0 1 0 12 66
0 1 0 13 64
0 1 0 14 62
0 1 0 15 60
0 1 0 16 58
0 1 0 17 56
0 1 0 18 54
0 1 0 19 52
0 1 0 20 50
0 1 0 21 48
0 1 0 22 46
0 1 0 23 44
0 1 0 24 42
0 1 0 25 40
0 1 0 26 38
0 1 0 27 36
0 1 0 28 34
0 1 0 29 32
0 1 0 30 30
0 1 0 31 28
0 1 0 32 26
0 1 0 33 24
0 1 0 34 22
0 1 0 35 20
0 1 0 36 18
0 1 0 37 16
0 1 0 38 14
0 1 0 39 12
0 1 0 40 10
0 1 0 41 8
0 1 0 42 6
0 1 0 43 4
0 1 0 44 2
0 1 0 45 0
0 1 1 0 85
0 1 1 1 83
0 1 1 2 81
0 1 1 3 79
0 1 1 4 77
0 1 1 5 75
0 1 1 6 73
0 1 1 7 71
0 1 1 8 69
0 1 1 9 67
0 1 1 10 65
0 1 1 11 63
0 1 1 12 61
0 1 1 13 59
0 1 1 14 57
0 1 1 15 55
0 1 1 16 53
0 1 1 17 51
0 1 1 18 49
0 1 1 19 47
0 1 1 20 45
0 1 1 21 43
0 1 1 22 41
0 1 1 23 39
0 1 1 24 37
0 1 1 25 35
0 1 1 26 33
0 1 1 27 31
0 1 1 28 29
0 1 1 29 27
0 1 1 30 25
0 1 1 31 23
0 1 1 32 21
0 1 1 33 19
0 1 1 34 17
0 1 1 35 15
0 1 1 36 13
0 1 1 37 11
0 1 1 38 9
0 1 1 39 7
0 1 1 40 5
0 1 1 41 3
0 1 1 42 1
0 1 2 0 80
0 1 2 1 78
0 1 2 2 76
0 1 2 3 74
0 1 2 4 72
0 1 2 5 70
0 1 2 6 68
0 1 2 7 66
0 1 2 8 64
0 1 2 9 62
0 1 2 10 60
0 1 2 11 58
0 1 2 12 56
0 1 2 13 54
0 1 2 14 52
0 1 2 15 50
0 1 2 16 48
0 1 2 17 46
0 1 2 18 44
0 1 2 19 42
0 1 2 20 40
0 1 2 21 38
0 1 2 22 36
0 1 2 23 34
0 1 2 24 32
0 1 2 25 30
0 1 2 26 28
0 1 2 27 26
0 1 2 28 24
0 1 2 29 22
0 1 2 30 20
0 1 2 31 18
0 1 2 32 16
0 1 2 33 14
0 1 2 34 12
0 1 2 35 10
0 1 2 36 8
0 1 2 37 6
0 1 2 38 4
0 1 2 39 2
0 1 2 40 0
0 1 3 0 75
0 1 3 1 73
0 1 3 2 71
0 1 3 3 69
0 1 3 4 67
0 1 3 5 65
0 1 3 6 63
0 1 3 7 61
0 1 3 8 59
0 1 3 9 57
0 1 3 10 55
0 1 3 11 53
0 1 3 12 51
0 1 3 13 49
0 1 3 14 47
0 1 3 15 45
0 1 3 16 43
0 1 3 17 41
0 1 3 18 39
0 1 3 19 37
0 1 3 20 35
0 1 3 21 33
0 1 3 22 31
0 1 3 23 29
0 1 3 24 27
0 1 3 25 25
0 1 3 26 23
0 1 3 27 21
0 1 3 28 19
0 1 3 29 17
0 1 3 30 15
0 1 3 31 13
0 1 3 32 11
0 1 3 33 9
0 1 3 34 7
0 1 3 35 5
0 1 3 36 3
0 1 3 37 1
0 1 4 0 70
0 1 4 1 68
0 1 4 2 66
0 1 4 3 64
0 1 4 4 62
0 1 4 5 60
0 1 4 6 58
0 1 4 7 56
0 1 4 8 54
0 1 4 9 52
0 1 4 10 50
0 1 4 11 48
0 1 4 12 46
0 1 4 13 44
0 1 4 14 42
0 1 4 15 40
0 1 4 16 38
0 1 4 17 36
0 1 4 18 34
0 1 4 19 32
0 1 4 20 30
0 1 4 21 28
0 1 4 22 26
0 1 4 23 24
0 1 4 24 22
0 1 4 25 20
0 1 4 26 18
0 1 4 27 16
0 1 4 28 14
0 1 4 29 12
0 1 4 30 10
0 1 4 31 8
0 1 4 32 6
0 1 4 33 4
0 1 4 34 2
0 1 4 35 0
0 1 5 0 65
0 1 5 1 63
0 1 5 2 61
0 1 5 3 59
0 1 5 4 57
0 1 5 5 55
0 1 5 6 53
0 1 5 7 51
0 1 5 8 49
0 1 5 9 47
0 1 5 10 45
0 1 5 11 43
0 1 5 12 41
0 1 5 13 39
0 1 5 14 37
0 1 5 15 35
0 1 5 16 33
0 1 5 17 31
0 1 5 18 29
0 1 5 19 27
0 1 5 20 25
0 1 5 21 23
0 1 5 22 21
0 1 5 23 19
0 1 5 24 17
0 1 5 25 15
0 1 5 26 13
0 1 5 27 11
0 1 5 28 9
0 1 5 29 7
0 1 5 30 5
0 1 5 31 3
0 1 5 32 1
0 1 6 0 60
0 1 6 1 58
0 1 6 2 56
0 1 6 3 54
0 1 6 4 52
0 1 6 5 50
0 1 6 6 48
0 1 6 7 46
0 1 6 8 44
0 1 6 9 42
0 1 6 10 40
0 1 6 11 38
0 1 6 12 36
0 1 6 13 34
0 1 6 14 32
0 1 6 15 30
0 1 6 16 28
0 1 6 17 26
0 1 6 18 24
0 1 6 19 22
0 1 6 20 20
0 1 6 21 18
0 1 6 22 16
0 1 6 23 14
0 1 6 24 12
0 1 6 25 10
0 1 6 26 8
0 1 6 27 6
0 1 6 28 4
0 1 6 29 2
0 1 6 30 0
0 1 7 0 55
0 1 7 1 53
0 1 7 2 51
0 1 7 3 49
0 1 7 4 47
0 1 7 5 45
0 1 7 6 43
0 1 7 7 41
0 1 7 8 39
0 1 7 9 37
0 1 7 10 35
0 1 7 11 33
0 1 7 12 31
0 1 7 13 29
0 1 7 14 27
0 1 7 15 25
0 1 7 16 23
0 1 7 17 21
0 1 7 18 19
0 1 7 19 17
0 1 7 20 15
0 1 7 21 13
0 1 7 22 11
0 1 7 23 9
0 1 7 24 7
0 1 7 25 5
0 1 7 26 3
0 1 7 27 1
0 1 8 0 50
0 1 8 1 48
0 1 8 2 46
0 1 8 3 44
0 1 8 4 42
0 1 8 5 40
0 1 8 6 38
0 1 8 7 36
0 1 8 8 34
0 1 8 9 32
0 1 8 10 30
0 1 8 11 28
0 1 8 12 26
0 1 8 13 24
0 1 8 14 22
0 1 8 15 20
0 1 8 16 18
0 1 8 17 16
0 1 8 18 14
0 1 8 19 12
0 1 8 20 10
0 1 8 21 8
0 1 8 22 6
0 1 8 23 4
0 1 8 24 2
0 1 8 25 0
0 1 9 0 45
0 1 9 1 43
0 1 9 2 41
0 1 9 3 39
0 1 9 4 37
0 1 9 5 35
0 1 9 6 33
0 1 9 7 31
0 1 9 8 29
0 1 9 9 27
0 1 9 10 25
0 1 9 11 23
0 1 9 12 21
0 1 9 13 19
0 1 9 14 17
0 1 9 15 15
0 1 9 16 13
0 1 9 17 11
0 1 9 18 9
0 1 9 19 7
0 1 9 20 5
0 1 9 21 3
0 1 9 22 1
0 1 10 0 40
0 1 10 1 38
0 1 10 2 36
0 1 10 3 34
0 1 10 4 32
0 1 10 5 30
0 1 10 6 28
0 1 10 7 26
0 1 10 8 24
0 1 10 9 22
0 1 10 10 20
0 1 10 11 18
0 1 10 12 16
0 1 10 13 14
0 1 10 14 12
0 1 10 15 10
0 1 10 16 8
0 1 10 17 6
0 1 10 18 4
0 1 10 19 2
0 1 10 20 0
0 1 11 0 35
0 1 11 1 33
0 1 11 2 31
0 1 11 3 29
0 1 11 4 27
0 1 11 5 25
0 1 11 6 23
0 1 11 7 21
0 1 11 8 19
0 1 11 9 17
0 1 11 10 15
0 1 11 11 13
0 1 11 12 11
0 1 11 13 9
0 1 11 14 7
0 1 11 15 5
0 1 11 16 3
0 1 11 17 1
0 1 12 0 30
0 1 12 1 28
0 1 12 2 26
0 1 12 3 24
0 1 12 4 22
0 1 12 5 20
0 1 12 6 18
0 1 12 7 16
0 1 12 8 14
0 1 12 9 12
0 1 12 10 10
0 1 12 11 8
0 1 12 12 6
0 1 12 13 4
0 1 12 14 2
0 1 12 15 0
0 1 13 0 25
0 1 13 1 23
0 1 13 2 21
0 1 13 3 19
0 1 13 4 17
0 1 13 5 15
0 1 13 6 13
0 1 13 7 11
0 1 13 8 9
0 1 13 9 7
0 1 13 10 5
0 1 13 11 3
0 1 13 12 1
0 1 14 0 20
0 1 14 1 18
0 1 14 2 16
0 1 14 3 14
0 1 14 4 12
0 1 14 5 10
0 1 14 6 8
0 1 14 7 6
0 1 14 8 4
0 1 14 9 2
0 1 14 10 0
0 1 15 0 15
0 1 15 1 13
0 1 15 2 11
0 1 15 3 9
0 1 15 4 7
0 1 15 5 5
0 1 15 6 3
0 1 15 7 1
0 1 16 0 10
0 1 16 1 8
0 1 16 2 6
0 1 16 3 4
0 1 16 4 2
0 1 16 5 0
0 1 17 0 5
0 1 17 1 3
0 1 17 2 1
0 1 18 0 0
0 2 0 0 80
0 2 0 1 78
0 2 0 2 76
0 2 0 3 74
0 2 0 4 72
0 2 0 5 70
0 2 0 6 68
0 2 0 7 66
0 2 0 8 64
0 2 0 9 62
0 2 0 10 60
0 2 0 11 58
0 2 0 12 56
0 2 0 13 54
0 2 0 14 52
0 2 0 15 50
0 2 0 16 48
0 2 0 17 46
0 2 0 18 44
0 2 0 19 42
0 2 0 20 40
0 2 0 21 38
0 2 0 22 36
0 2 0 23 34
0 2 0 24 32
0 2 0 25 30
0 2 0 26 28
0 2 0 27 26
0 2 0 28 24
0 2 0 29 22
0 2 0 30 20
0 2 0 31 18
0 2 0 32 16
0 2 0 33 14
0 2 0 34 12
0 2 0 35 10
0 2 0 36 8
0 2 0 37 6
0 2 0 38 4
0 2 0 39 2
0 2 0 40 0
0 2 1 0 75
0 2 1 1 73
0 2 1 2 71
0 2 1 3 69
0 2 1 4 67
0 2 1 5 65
0 2 1 6 63
0 2 1 7 61
0 2 1 8 59
0 2 1 9 57
0 2 1 10 55
0 2 1 11 53
0 2 1 12 51
0 2 1 13 49
0 2 1 14 47
0 2 1 15 45
0 2 1 16 43
0 2 1 17 41
0 2 1 18 39
0 2 1 19 37
0 2 1 20 35
0 2 1 21 33
0 2 1 22 31
0 2 1 23 29
0 2 1 24 27
0 2 1 25 25
0 2 1 26 23
0 2 1 27 21
0 2 1 28 19
0 2 1 29 17
0 2 1 30 15
0 2 1 31 13
0 2 1 32 11
0 2 1 33 9
0 2 1 34 7
0 2 1 35 5
0 2 1 36 3
0 2 1 37 1
0 2 2 0 70
0 2 2 1 68
0 2 2 2 66
0 2 2 3 64
0 2 2 4 62
0 2 2 5 60
0 2 2 6 58
0 2 2 7 56
0 2 2 8 54
0 2 2 9 52
0 2 2 10 50
0 2 2 11 48
0 2 2 12 46
0 2 2 13 44
0 2 2 14 42
0 2 2 15 40
0 2 2 16 38
0 2 2 17 36
0 2 2 18 34
0 2 2 19 32
0 2 2 20 30
0 2 2 21 28
0 2 2 22 26
0 2 2 23 24
0 2 2 24 22
0 2 2 25 20
0 2 2 26 18
0 2 2 27 16
0 2 2 28 14
0 2 2 29 12
0 2 2 30 10
0 2 2 31 8
0 2 2 32 6
0 2 2 33 4
0 2 2 34 2
0 2 2 35 0
0 2 3 0 65
0 2 3 1 63
0 2 3 2 61
0 2 3 3 59
0 2 3 4 57
0 2 3 5 55
0 2 3 6 53
0 2 3 7 51
0 2 3 8 49
0 2 3 9 47
0 2 3 10 45
0 2 3 11 43
0 2 3 12 41
0 2 3 13 39
0 2 3 14 37
0 2 3 15 35
0 2 3 16 33
0 2 3 17 31
0 2 3 18 29
0 2 3 19 27
0 2 3 20 25
0 2 3 21 23
0 2 3 22 21
0 2 3 23 19
0 2 3 24 17
0 2 3 25 15
0 2 3 26 13
0 2 3 27 11
0 2 3 28 9
0 2 3 29 7
0 2 3 30 5
0 2 3 31 3
0 2 3 32 1
0 2 4 0 60
0 2 4 1 58
0 2 4 2 56
0 2 4 3 54
0 2 4 4 52
0 2 4 5 50
0 2 4 6 48
0 2 4 7 46
0 2 4 8 44
0 2 4 9 42
0 2 4 10 40
0 2 4 11 38
0 2 4 12 36
0 2 4 13 34
0 2 4 14 32
0 2 4 15 30
0 2 4 16 28
0 2 4 17 26
0 2 4 18 24
0 2 4 19 22
0 2 4 20 20
0 2 4 21 18
0 2 4 22 16
0 2 4 23 14
0 2 4 24 12
0 2 4 25 10
0 2 4 26 8
0 2 4 27 6
0 2 4 28 4
0 2 4 29 2
0 2 4 30 0
0 2 5 0 55
0 2 5 1 53
0 2 5 2 51
0 2 5 3 49
0 2 5 4 47
0 2 5 5 45
0 2 5 6 43
0 2 5 7 41
0 2 5 8 39
0 2 5 9 37
0 2 5 10 35
0 2 5 11 33
0 2 5 12 31
0 2 5 13 29
0 2 5 14 27
0 2 5 15 25
0 2 5 16 23
0 2 5 17 21
0 2 5 18 19
0 2 5 19 17
0 2 5 20 15
0 2 5 21 13
0 2 5 22 11
0 2 5 23 9
0 2 5 24 7
0 2 5 25 5
0 2 5 26 3
0 2 5 27 1
0 2 6 0 50
0 2 6 1 48
0 2 6 2 46
0 2 6 3 44
0 2 6 4 42
0 2 6 5 40
0 2 6 6 38
0 2 6 7 36
0 2 6 8 34
0 2 6 9 32
0 2 6 10 30
0 2 6 11 28
0 2 6 12 26
0 2 6 13 24
0 2 6 14 22
0 2 6 15 20
0 2 6 16 18
0 2 6 17 16
0 2 6 18 14
0 2 6 19 12
0 2 6 20 10
0 2 6 21 8
0 2 6 22 6
0 2 6 23 4
0 2 6 24 2
0 2 6 25 0
0 2 7 0 45
0 2 7 1 43
0 2 7 2 41
0 2 7 3 39
0 2 7 4 37
0 2 7 5 35
0 2 7 6 33
0 2 7 7 31
0 2 7 8 29
0 2 7 9 27
0 2 7 10 25
0 2 7 11 23
0 2 7 12 21
0 2 7 13 19
0 2 7 14 17
0 2 7 15 15
0 2 7 16 13
0 2 7 17 11
0 2 7 18 9
0 2 7 19 7
0 2 7 20 5
0 2 7 21 3
0 2 7 22 1
0 2 8 0 40
0 2 8 1 38
0 2 8 2 36
0 2 8 3 34
0 2 8 4 32
0 2 8 5 30
0 2 8 6 28
0 2 8 7 26
0 2 8 8 24
0 2 8 9 22
0 2 8 10 20
0 2 8 11 18
0 2 8 12 16
0 2 8 13 14
0 2 8 14 12
0 2 8 15 10
0 2 8 16 8
0 2 8 17 6
0 2 8 18 4
0 2 8 19 2
0 2 8 20 0
0 2 9 0 35
0 2 9 1 33
0 2 9 2 31
0 2 9 3 29
0 2 9 4 27
0 2 9 5 25
0 2 9 6 23
0 2 9 7 21
0 2 9 8 19
0 2 9 9 17
0 2 9 10 15
0 2 9 11 13
0 2 9 12 11
0 2 9 13 9
0 2 9 14 7
0 2 9 15 5
0 2 9 16 3
0 2 9 17 1
0 2 10 0 30
0 2 10 1 28
0 2 10 2 26
0 2 10 3 24
0 2 10 4 22
0 2 10 5 20
0 2 10 6 18
0 2 10 7 16
0 2 10 8 14
0 2 10 9 12
0 2 10 10 10
0 2 10 11 8
0 2 10 12 6
0 2 10 13 4
0 2 10 14 2
0 2 10 15 0
0 2 11 0 25
0 2 11 1 23
0 2 11 2 21
0 2 11 3 19
0 2 11 4 17
0 2 11 5 15
0 2 11 6 13
0 2 11 7 11
0 2 11 8 9
0 2 11 9 7
0 2 11 10 5
0 2 11 11 3
0 2 11 12 1
0 2 12 0 20
0 2 12 1 18
0 2 12 2 16
0 2 12 3 14
0 2 12 4 12
0 2 12 5 10
0 2 12 6 8
0 2 12 7 6
0 2 12 8 4
0 2 12 9 2
0 2 12 10 0
0 2 13 0 15
0 2 13 1 13
0 2 13 2 11
0 2 13 3 9
0 2 13 4 7
0 2 13 5 5
0 2 13 6 3
0 2 13 7 1
0 2 14 0 10
0 2 14 1 8
0 2 14 2 6
0 2 14 3 4
0 2 14 4 2
0 2 14 5 0
0 2 15 0 5
0 2 15 1 3
0 2 15 2 1
0 2 16 0 0
0 3 0 0 70
0 3 0 1 68
0 3 0 2 66
0 3 0 3 64
0 3 0 4 62
0 3 0 5 60
0 3 0 6 58
0 3 0 7 56
0 3 0 8 54
0 3 0 9 52
0 3 0 10 50
0 3 0 11 48
0 3 0 12 46
0 3 0 13 44
0 3 0 14 42
0 3 0 15 40
0 3 0 16 38
0 3 0 17 36
0 3 0 18 34
0 3 0 19 32
0 3 0 20 30
0 3 0 21 28
0 3 0 22 26
0 3 0 23 24
0 3 0 24 22
0 3 0 25 20
0 3 0 26 18
0 3 0 27 16
0 3 0 28 14
0 3 0 29 12
0 3 0 30 10
0 3 0 31 8
0 3 0 32 6
0 3 0 33 4
0 3 0 34 2
0 3 0 35 0
0 3 1 0 65
0 3 1 1 63
0 3 1 2 61
0 3 1 3 59
0 3 1 4 57
0 3 1 5 55
0 3 1 6 53
0 3 1 7 51
0 3 1 8 49
0 3 1 9 47
0 3 1 10 45
0 3 1 11 43
0 3 1 12 41
0 3 1 13 39
0 3 1 14 37
0 3 1 15 35
0 3 1 16 33
0 3 1 17 31
0 3 1 18 29
0 3 1 19 27
0 3 1 20 25
0 3 1 21 23
0 3 1 22 21
0 3 1 23 19
0 3 1 24 17
0 3 1 25 15
0 3 1 26 13
0 3 1 27 11
0 3 1 28 9
0 3 1 29 7
0 3 1 30 5
0 3 1 31 3
0 3 1 32 1
0 3 2 0 60
0 3 2 1 58
0 3 2 2 56
0 3 2 3 54
0 3 2 4 52
0 3 2 5 50
0 3 2 6 48
0 3 2 7 46
0 3 2 8 44
0 3 2 9 42
0 3 2 10 40
0 3 2 11 38
0 3 2 12 36
0 3 2 13 34
0 3 2 14 32
0 3 2 15 30
0 3 2 16 28
0 3 2 17 26
0 3 2 18 24
0 3 2 19 22
0 3 2 20 20
0 3 2 21 18
0 3 2 22 16
0 3 2 23 14
0 3 2 24 12
0 3 2 25 10
0 3 2 26 8
0 3 2 27 6
0 3 2 28 4
0 3 2 29 2
0 3 2 30 0
0 3 3 0 55
0 3 3 1 53
0 3 3 2 51
0 3 3 3 49
0 3 3 4 47
0 3 3 5 45
0 3 3 6 43
0 3 3 7 41
0 3 3 8 39
0 3 3 9 37
0 3 3 10 35
0 3 3 11 33
0 3 3 12 31
0 3 3 13 29
0 3 3 14 27
0 3 3 15 25
0 3 3 16 23
0 3 3 17 21
0 3 3 18 19
0 3 3 19 17
0 3 3 20 15
0 3 3 21 13
0 3 3 22 11
0 3 3 23 9
0 3 3 24 7
0 3 3 25 5
0 3 3 26 3
0 3 3 27 1
0 3 4 0 50
0 3 4 1 48
0 3 4 2 46
0 3 4 3 44
0 3 4 4 42
0 3 4 5 40
0 3 4 6 38
0 3 4 7 36
0 3 4 8 34
0 3 4 9 32
0 3 4 10 30
0 3 4 11 28
0 3 4 12 26
0 3 4 13 24
0 3 4 14 22
0 3 4 15 20
0 3 4 16 18
0 3 4 17 16
0 3 4 18 14
0 3 4 19 12
0 3 4 20 10
0 3 4 21 8
0 3 4 22 6
0 3 4 23 4
0 3 4 24 2
0 3 4 25 0
0 3 5 0 45
0 3 5 1 43
0 3 5 2 41
0 3 5 3 39
0 3 5 4 37
0 3 5 5 35
0 3 5 6 33
0 3 5 7 31
0 3 5 8 29
0 3 5 9 27
0 3 5 10 25
0 3 5 11 23
0 3 5 12 21
0 3 5 13 19
0 3 5 14 17
0 3 5 15 15
0 3 5 16 13
0 3 5 17 11
0 3 5 18 9
0 3 5 19 7
0 3 5 20 5
0 3 5 21 3
0 3 5 22 1
0 3 6 0 40
0 3 6 1 38
0 3 6 2 36
0 3 6 3 34
0 3 6 4 32
0 3 6 5 30
0 3 6 6 28
0 3 6 7 26
0 3 6 8 24
0 3 6 9 22
0 3 6 10 20
0 3 6 11 18
0 3 6 12 16
0 3 6 13 14
0 3 6 14 12
0 3 6 15 10
0 3 6 16 8
0 3 6 17 6
0 3 6 18 4
0 3 6 19 2
0 3 6 20 0
0 3 7 0 35
0 3 7 1 33
0 3 7 2 31
0 3 7 3 29
0 3 7 4 27
0 3 7 5 25
0 3 7 6 23
0 3 7 7 21
0 3 7 8 19
0 3 7 9 17
0 3 7 10 15
0 3 7 11 13
0 3 7 12 11
0 3 7 13 9
0 3 7 14 7
0 3 7 15 5
0 3 7 16 3
0 3 7 17 1
0 3 8 0 30
0 3 8 1 28
0 3 8 2 26
0 3 8 3 24
0 3 8 4 22
0 3 8 5 20
0 3 8 6 18
0 3 8 7 16
0 3 8 8 14
0 3 8 9 12
0 3 8 10 10
0 3 8 11 8
0 3 8 12 6
0 3 8 13 4
0 3 8 14 2
0 3 8 15 0
0 3 9 0 25
0 3 9 1 23
0 3 9 2 21
0 3 9 3 19
0 3 9 4 17
0 3 9 5 15
0 3 9 6 13
0 3 9 7 11
0 3 9 8 9
0 3 9 9 7
0 3 9 10 5
0 3 9 11 3
0 3 9 12 1
0 3 10 0 20
0 3 10 1 18
0 3 10 2 16
0 3 10 3 14
0 3 10 4 12
0 3 10 5 10
0 3 10 6 8
0 3 10 7 6
0 3 10 8 4
0 3 10 9 2
0 3 10 10 0
0 3 11 0 15
0 3 11 1 13
0 3 11 2 11
0 3 11 3 9
0 3 11 4 7
0 3 11 5 5
0 3 11 6 3
0 3 11 7 1
0 3 12 0 10
0 3 12 1 8
0 3 12 2 6
0 3 12 3 4
0 3 12 4 2
0 3 12 5 0
0 3 13 0 5
0 3 13 1 3
0 3 13 2 1
0 3 14 0 0
0 4 0 0 60
0 4 0 1 58
0 4 0 2 56
0 4 0 3 54
0 4 0 4 52
0 4 0 5 50
0 4 0 6 48
0 4 0 7 46
0 4 0 8 44
0 4 0 9 42
0 4 0 10 40
0 4 0 11 38
0 4 0 12 36
0 4 0 13 34
0 4 0 14 32
0 4 0 15 30
0 4 0 16 28
0 4 0 17 26
0 4 0 18 24
0 4 0 19 22
0 4 0 20 20
0 4 0 21 18
0 4 0 22 16
0 4 0 23 14
0 4 0 24 12
0 4 0 25 10
0 4 0 26 8
0 4 0 27 6
0 4 0 28 4
0 4 0 29 2
0 4 0 30 0
0 4 1 0 55
0 4 1 1 53
0 4 1 2 51
0 4 1 3 49
0 4 1 4 47
0 4 1 5 45
0 4 1 6 43
0 4 1 7 41
0 4 1 8 39
0 4 1 9 37
0 4 1 10 35
0 4 1 11 33
0 4 1 12 31
0 4 1 13 29
0 4 1 14 27
0 4 1 15 25
0 4 1 16 23
0 4 1 17 21
0 4 1 18 19
0 4 1 19 17
0 4 1 20 15
0 4 1 21 13
0 4 1 22 11
0 4 1 23 9
0 4 1 24 7
0 4 1 25 5
0 4 1 26 3
0 4 1 27 1
0 4 2 0 50
0 4 2 1 48
0 4 2 2 46
0 4 2 3 44
0 4 2 4 42
0 4 2 5 40
0 4 2 6 38
0 4 2 7 36
0 4 2 8 34
0 4 2 9 32
0 4 2 10 30
0 4 2 11 28
0 4 2 12 26
0 4 2 13 24
0 4 2 14 22
0 4 2 15 20
0 4 2 16 18
0 4 2 17 16
0 4 2 18 14
0 4 2 19 12
0 4 2 20 10
0 4 2 21 8
0 4 2 22 6
0 4 2 23 4
0 4 2 24 2
0 4 2 25 0
0 4 3 0 45
0 4 3 1 43
0 4 3 2 41
0 4 3 3 39
0 4 3 4 37
0 4 3 5 35
0 4 3 6 33
0 4 3 7 31
0 4 3 8 29
0 4 3 9 27
0 4 3 10 25
0 4 3 11 23
0 4 3 12 21
0 4 3 13 19
0 4 3 14 17
0 4 3 15 15
0 4 3 16 13
0 4 3 17 11
0 4 3 18 9
0 4 3 19 7
0 4 3 20 5
0 4 3 21 3
0 4 3 22 1
0 4 4 0 40
0 4 4 1 38
0 4 4 2 36
0 4 4 3 34
0 4 4 4 32
0 4 4 5 30
0 4 4 6 28
0 4 4 7 26
0 4 4 8 24
0 4 4 9 22
0 4 4 10 20
0 4 4 11 18
0 4 4 12 16
0 4 4 13 14
0 4 4 14 12
0 4 4 15 10
0 4 4 16 8
0 4 4 17 6
0 4 4 18 4
0 4 4 19 2
0 4 4 20 0
0 4 5 0 35
0 4 5 1 33
0 4 5 2 31
0 4 5 3 29
0 4 5 4 27
0 4 5 5 25
0 4 5 6 23
0 4 5 7 21
0 4 5 8 19
0 4 5 9 17
0 4 5 10 15
0 4 5 11 13
0 4 5 12 11
0 4 5 13 9
0 4 5 14 7
0 4 5 15 5
0 4 5 16 3
0 4 5 17 1
0 4 6 0 30
0 4 6 1 28
0 4 6 2 26
0 4 6 3 24
0 4 6 4 22
0 4 6 5 20
0 4 6 6 18
0 4 6 7 16
0 4 6 8 14
0 4 6 9 12
0 4 6 10 10
0 4 6 11 8
0 4 6 12 6
0 4 6 13 4
0 4 6 14 2
0 4 6 15 0
0 4 7 0 25
0 4 7 1 23
0 4 7 2 21
0 4 7 3 19
0 4 7 4 17
0 4 7 5 15
0 4 7 6 13
0 4 7 7 11
0 4 7 8 9
0 4 7 9 7
0 4 7 10 5
0 4 7 11 3
0 4 7 12 1
0 4 8 0 20
0 4 8 1 18
0 4 8 2 16
0 4 8 3 14
0 4 8 4 12
0 4 8 5 10
0 4 8 6 8
0 4 8 7 6
0 4 8 8 4
0 4 8 9 2
0 4 8 10 0
0 4 9 0 15
0 4 9 1 13
0 4 9 2 11
0 4 9 3 9
0 4 9 4 7
0 4 9 5 5
0 4 9 6 3
0 4 9 7 1
0 4 10 0 10
0 4 10 1 8
0 4 10 2 6
0 4 10 3 4
0 4 10 4 2
0 4 10 5 0
0 4 11 0 5
0 4 11 1 3
0 4 11 2 1
0 4 12 0 0
0 5 0 0 50
0 5 0 1 48
0 5 0 2 46
0 5 0 3 44
0 5 0 4 42
0 5 0 5 40
0 5 0 6 38
0 5 0 7 36
0 5 0 8 34
0 5 0 9 32
0 5 0 10 30
0 5 0 11 28
0 5 0 12 26
0 5 0 13 24
0 5 0 14 22
0 5 0 15 20
0 5 0 16 18
0 5 0 17 16
0 5 0 18 14
0 5 0 19 12
0 5 0 20 10
0 5 0 21 8
0 5 0 22 6
0 5 0 23 4
0 5 0 24 2
0 5 0 25 0
0 5 1 0 45
0 5 1 1 43
0 5 1 2 41
0 5 1 3 39
0 5 1 4 37
0 5 1 5 35
0 5 1 6 33
0 5 1 7 31
0 5 1 8 29
0 5 1 9 27
0 5 1 10 25
0 5 1 11 23
0 5 1 12 21
0 5 1 13 19
0 5 1 14 17
0 5 1 15 15
0 5 1 16 13
0 5 1 17 11
0 5 1 18 9
0 5 1 19 7
0 5 1 20 5
0 5 1 21 3
0 5 1 22 1
0 5 2 0 40
0 5 2 1 38
0 5 2 2 36
0 5 2 3 34
0 5 2 4 32
0 5 2 5 30
0 5 2 6 28
0 5 2 7 26
0 5 2 8 24
0 5 2 9 22
0 5 2 10 20
0 5 2 11 18
0 5 2 12 16
0 5 2 13 14
0 5 2 14 12
0 5 2 15 10
0 5 2 16 8
0 5 2 17 6
0 5 2 18 4
0 5 2 19 2
0 5 2 20 0
0 5 3 0 35
0 5 3 1 33
0 5 3 2 31
0 5 3 3 29
0 5 3 4 27
0 5 3 5 25
0 5 3 6 23
0 5 3 7 21
0 5 3 8 19
0 5 3 9 17
0 5 3 10 15
0 5 3 11 13
0 5 3 12 11
0 5 3 13 9
0 5 3 14 7
0 5 3 15 5
0 5 3 16 3
0 5 3 17 1
0 5 4 0 30
0 5 4 1 28
0 5 4 2 26
0 5 4 3 24
0 5 4 4 22
0 5 4 5 20
0 5 4 6 18
0 5 4 7 16
0 5 4 8 14
0 5 4 9 12
0 5 4 10 10
0 5 4 11 8
0 5 4 12 6
0 5 4 13 4
0 5 4 14 2
0 5 4 15 0
0 5 5 0 25
0 5 5 1 23
0 5 5 2 21
0 5 5 3 19
0 5 5 4 17
0 5 5 5 15
0 5 5 6 13
0 5 5 7 11
0 5 5 8 9
0 5 5 9 7
0 5 5 10 5
0 5 5 11 3
0 5 5 12 1
0 5 6 0 20
0 5 6 1 18
0 5 6 2 16
0 5 6 3 14
0 5 6 4 12
0 5 6 5 10
0 5 6 6 8
0 5 6 7 6
0 5 6 8 4
0 5 6 9 2
0 5 6 10 0
0 5 7 0 15
0 5 7 1 13
0 5 7 2 11
0 5 7 3 9
0 5 7 4 7
0 5 7 5 5
0 5 7 6 3
0 5 7 7 1
0 5 8 0 10
0 5 8 1 8
0 5 8 2 6
0 5 8 3 4
0 5 8 4 2
0 5 8 5 0
0 5 9 0 5
0 5 9 1 3
0 5 9 2 1
0 5 10 0 0
0 6 0 0 40
0 6 0 1 38
0 6 0 2 36
0 6 0 3 34
0 6 0 4 32
0 6 0 5 30
0 6 0 6 28
0 6 0 7 26
0 6 0 8 24
0 6 0 9 22
0 6 0 10 20
0 6 0 11 18
0 6 0 12 16
0 6 0 13 14
0 6 0 14 12
0 6 0 15 10
0 6 0 16 8
0 6 0 17 6
0 6 0 18 4
0 6 0 19 2
0 6 0 20 0
0 6 1 0 35
0 6 1 1 33
0 6 1 2 31
0 6 1 3 29
0 6 1 4 27
0 6 1 5 25
0 6 1 6 23
0 6 1 7 21
0 6 1 8 19
0 6 1 9 17
0 6 1 10 15
0 6 1 11 13
0 6 1 12 11
0 6 1 13 9
0 6 1 14 7
0 6 1 15 5
0 6 1 16 3
0 6 1 17 1
0 6 2 0 30
0 6 2 1 28
0 6 2 2 26
0 6 2 3 24
0 6 2 4 22
0 6 2 5 20
0 6 2 6 18
0 6 2 7 16
0 6 2 8 14
0 6 2 9 12
0 6 2 10 10
0 6 2 11 8
0 6 2 12 6
0 6 2 13 4
0 6 2 14 2
0 6 2 15 0
0 6 3 0 25
0 6 3 1 23
0 6 3 2 21
0 6 3 3 19
0 6 3 4 17
0 6 3 5 15
0 6 3 6 13
0 6 3 7 11
0 6 3 8 9
0 6 3 9 7
0 6 3 10 5
0 6 3 11 3
0 6 3 12 1
0 6 4 0 20
0 6 4 1 18
0 6 4 2 16
0 6 4 3 14
0 6 4 4 12
0 6 4 5 10
0 6 4 6 8
0 6 4 7 6
0 6 4 8 4
0 6 4 9 2
0 6 4 10 0
0 6 5 0 15
0 6 5 1 13
0 6 5 2 11
0 6 5 3 9
0 6 5 4 7
0 6 5 5 5
0 6 5 6 3
0 6 5 7 1
0 6 6 0 10
0 6 6 1 8
0 6 6 2 6
0 6 6 3 4
0 6 6 4 2
0 6 6 5 0
0 6 7 0 5
0 6 7 1 3
0 6 7 2 1
0 6 8 0 0
0 7 0 0 30
0 7 0 1 28
0 7 0 2 26
0 7 0 3 24
0 7 0 4 22
0 7 0 5 20
0 7 0 6 18
0 7 0 7 16
0 7 0 8 14
0 7 0 9 12
0 7 0 10 10
0 7 0 11 8
0 7 0 12 6
0 7 0 13 4
0 7 0 14 2
0 7 0 15 0
0 7 1 0 25
0 7 1 1 23
0 7 1 2 21
0 7 1 3 19
0 7 1 4 17
0 7 1 5 15
0 7 1 6 13
0 7 1 7 11
0 7 1 8 9
0 7 1 9 7
0 7 1 10 5
0 7 1 11 3
0 7 1 12 1
0 7 2 0 20
0 7 2 1 18
0 7 2 2 16
0 7 2 3 14
0 7 2 4 12
0 7 2 5 10
0 7 2 6 8
0 7 2 7 6
0 7 2 8 4
0 7 2 9 2
0 7 2 10 0
0 7 3 0 15
0 7 3 1 13
0 7 3 2 11
0 7 3 3 9
0 7 3 4 7
0 7 3 5 5
0 7 3 6 3
0 7 3 7 1
0 7 4 0 10
0 7 4 1 8
0 7 4 2 6
0 7 4 3 4
0 7 4 4 2
0 7 4 5 0
0 7 5 0 5
0 7 5 1 3
0 7 5 2 1
0 7 6 0 0
0 8 0 0 20
0 8 0 1 18
0 8 0 2 16
0 8 0 3 14
0 8 0 4 12
0 8 0 5 10
0 8 0 6 8
0 8 0 7 6
0 8 0 8 4
0 8 0 9 2
0 8 0 10 0
0 8 1 0 15
0 8 1 1 13
0 8 1 2 11
0 8 1 3 9
0 8 1 4 7
0 8 1 5 5
0 8 1 6 3
0 8 1 7 1
0 8 2 0 10
0 8 2 1 8
0 8 2 2 6
0 8 2 3 4
0 8 2 4 2
0 8 2 5 0
0 8 3 0 5
0 8 3 1 3
0 8 3 2 1
0 8 4 0 0
0 9 0 0 10
0 9 0 1 8
0 9 0 2 6
0 9 0 3 4
0 9 0 4 2
0 9 0 5 0
0 9 1 0 5
0 9 1 1 3
0 9 1 2 1
0 9 2 0 0
0 10 0 0 0
1 0 0 0 80
1 0 0 1 78
1 0 0 2 76
1 0 0 3 74
1 0 0 4 72
1 0 0 5 70
1 0 0 6 68
1 0 0 7 66
1 0 0 8 64
1 0 0 9 62
1 0 0 10 60
1 0 0 11 58
1 0 0 12 56
1 0 0 13 54
1 0 0 14 52
1 0 0 15 50
1 0 0 16 48
1 0 0 17 46
1 0 0 18 44
1 0 0 19 42
1 0 0 20 40
1 0 0 21 38
1 0 0 22 36
1 0 0 23 34
1 0 0 24 32
1 0 0 25 30
1 0 0 26 28
1 0 0 27 26
1 0 0 28 24
1 0 0 29 22
1 0 0 30 20
1 0 0 31 18
1 0 0 32 16
1 0 0 33 14
1 0 0 34 12
1 0 0 35 10
1 0 0 36 8
1 0 0 37 6
1 0 0 38 4
1 0 0 39 2
1 0 0 40 0
1 0 1 0 75
1 0 1 1 73
1 0 1 2 71
1 0 1 3 69
1 0 1 4 67
1 0 1 5 65
1 0 1 6 63
1 0 1 7 61
1 0 1 8 59
1 0 1 9 57
1 0 1 10 55
1 0 1 11 53
1 0 1 12 51
1 0 1 13 49
1 0 1 14 47
1 0 1 15 45
1 0 1 16 43
1 0 1 17 41
1 0 1 18 39
1 0 1 19 37
1 0 1 20 35
1 0 1 21 33
1 0 1 22 31
1 0 1 23 29
1 0 1 24 27
1 0 1 25 25
1 0 1 26 23
1 0 1 27 21
1 0 1 28 19
1 0 1 29 17
1 0 1 30 15
1 0 1 31 13
1 0 1 32 11
1 0 1 33 9
1 0 1 34 7
1 0 1 35 5
1 0 1 36 3
1 0 1 37 1
1 0 2 0 70
1 0 2 1 68
1 0 2 2 66
1 0 2 3 64
1 0 2 4 62
1 0 2 5 60
1 0 2 6 58
1 0 2 7 56
1 0 2 8 54
1 0 2 9 52
1 0 2 10 50
1 0 2 11 48
1 0 2 12 46
1 0 2 13 44
1 0 2 14 42
1 0 2 15 40
1 0 2 16 38
1 0 2 17 36
1 0 2 18 34
1 0 2 19 32
1 0 2 20 30
1 0 2 21 28
1 0 2 22 26
1 0 2 23 24
1 0 2 24 22
1 0 2 25 20
1 0 2 26 18
1 0 2 27 16
1 0 2 28 14
1 0 2 29 12
1 0 2 30 10
1 0 2 31 8
1 0 2 32 6
1 0 2 33 4
1 0 2 34 2
1 0 2 35 0
1 0 3 0 65
1 0 3 1 63
1 0 3 2 61
1 0 3 3 59
1 0 3 4 57
1 0 3 5 55
1 0 3 6 53
1 0 3 7 51
1 0 3 8 49
1 0 3 9 47
1 0 3 10 45
1 0 3 11 43
1 0 3 12 41
1 0 3 13 39
1 0 3 14 37
1 0 3 15 35
1 0 3 16 33
1 0 3 17 31
1 0 3 18 29
1 0 3 19 27
1 0 3 20 25
1 0 3 21 23
1 0 3 22 21
1 0 3 23 19
1 0 3 24 17
1 0 3 25 15
1 0 3 26 13
1 0 3 27 11
1 0 3 28 9
1 0 3 29 7
1 0 3 30 5
1 0 3 31 3
1 0 3 32 1
1 0 4 0 60
1 0 4 1 58
1 0 4 2 56
1 0 4 3 54
1 0 4 4 52
1 0 4 5 50
1 0 4 6 48
1 0 4 7 46
1 0 4 8 44
1 0 4 9 42
1 0 4 10 40
1 0 4 11 38
1 0 4 12 36
1 0 4 13 34
1 0 4 14 32
1 0 4 15 30
1 0 4 16 28
1 0 4 17 26
1 0 4 18 24
1 0 4 19 22
1 0 4 20 20
1 0 4 21 18
1 0 4 22 16
1 0 4 23 14
1 0 4 24 12
1 0 4 25 10
1 0 4 26 8
1 0 4 27 6
1 0 4 28 4
1 0 4 29 2
1 0 4 30 0
1 0 5 0 55
1 0 5 1 53
1 0 5 2 51
1 0 5 3 49
1 0 5 4 47
1 0 5 5 45
1 0 5 6 43
1 0 5 7 41
1 0 5 8 39
1 0 5 9 37
1 0 5 10 35
1 0 5 11 33
1 0 5 12 31
1 0 5 13 29
1 0 5 14 27
1 0 5 15 25
1 0 5 16 23
1 0 5 17 21
1 0 5 18 19
1 0 5 19 17
1 0 5 20 15
1 0 5 21 13
1 0 5 22 11
1 0 5 23 9
1 0 5 24 7
1 0 5 25 5
1 0 5 26 3
1 0 5 27 1
1 0 6 0 50
1 0 6 1 48
1 0 6 2 46
1 0 6 3 44
1 0 6 4 42
1 0 6 5 40
1 0 6 6 38
1 0 6 7 36
1 0 6 8 34
1 0 6 9 32
1 0 6 10 30
1 0 6 11 28
1 0 6 12 26
1 0 6 13 24
1 0 6 14 22
1 0 6 15 20
1 0 6 16 18
1 0 6 17 16
1 0 6 18 14
1 0 6 19 12
1 0 6 20 10
1 0 6 21 8
1 0 6 22 6
1 0 6 23 4
1 0 6 24 2
1 0 6 25 0
1 0 7 0 45
1 0 7 1 43
1 0 7 2 41
1 0 7 3 39
1 0 7 4 37
1 0 7 5 35
1 0 7 6 33
1 0 7 7 31
1 0 7 8 29
1 0 7 9 27
1 0 7 10 25
1 0 7 11 23
1 0 7 12 21
1 0 7 13 19
1 0 7 14 17
1 0 7 15 15
1 0 7 16 13
1 0 7 17 11
1 0 7 18 9
1 0 7 19 7
1 0 7 20 5
1 0 7 21 3
1 0 7 22 1
1 0 8 0 40
1 0 8 1 38
1 0 8 2 36
1 0 8 3 34
1 0 8 4 32
1 0 8 5 30
1 0 8 6 28
1 0 8 7 26
1 0 8 8 24
1 0 8 9 22
1 0 8 10 20
1 0 8 11 18
1 0 8 12 16
1 0 8 13 14
1 0 8 14 12
1 0 8 15 10
1 0 8 16 8
1 0 8 17 6
1 0 8 18 4
1 0 8 19 2
1 0 8 20 0
1 0 9 0 35
1 0 9 1 33
1 0 9 2 31
1 0 9 3 29
1 0 9 4 27
1 0 9 5 25
1 0 9 6 23
1 0 9 7 21
1 0 9 8 19
1 0 9 9 17
1 0 9 10 15
1 0 9 11 13
1 0 9 12 11
1 0 9 13 9
1 0 9 14 7
1 0 9 15 5
1 0 9 16 3
1 0 9 17 1
1 0 10 0 30
1 0 10 1 28
1 0 10 2 26
1 0 10 3 24
1 0 10 4 22
1 0 10 5 20
1 0 10 6 18
1 0 10 7 16
1 0 10 8 14
1 0 10 9 12
1 0 10 10 10
1 0 10 11 8
1 0 10 12 6
1 0 10 13 4
1 0 10 14 2
1 0 10 15 0
1 0 11 0 25
1 0 11 1 23
1 0 11 2 21
1 0 11 3 19
1 0 11 4 17
1 0 11 5 15
1 0 11 6 13
1 0 11 7 11
1 0 11 8 9
1 0 11 9 7
1 0 11 10 5
1 0 11 11 3
1 0 11 12 1
1 0 12 0 20
1 0 12 1 18
1 0 12 2 16
1 0 12 3 14
1 0 12 4 12
1 0 12 5 10
1 0 12 6 8
1 0 12 7 6
1 0 12 8 4
1 0 12 9 2
1 0 12 10 0
1 0 13 0 15
1 0 13 1 13
1 0 13 2 11
1 0 13 3 9
1 0 13 4 7
1 0 13 5 5
1 0 13 6 3
1 0 13 7 1
1 0 14 0 10
1 0 14 1 8
1 0 14 2 6
1 0 14 3 4
1 0 14 4 2
1 0 14 5 0
1 0 15 0 5
1 0 15 1 3
1 0 15 2 1
1 0 16 0 0
1 1 0 0 70
1 1 0 1 68
1 1 0 2 66
1 1 0 3 64
1 1 0 4 62
1 1 0 5 60
1 1 0 6 58
1 1 0 7 56
1 1 0 8 54
1 1 0 9 52
1 1 0 10 50
1 1 0 11 48
1 1 0 12 46
1 1 0 13 44
1 1 0 14 42
1 1 0 15 40
1 1 0 16 38
1 1 0 17 36
1 1 0 18 34
1 1 0 19 32
1 1 0 20 30
1 1 0 21 28
1 1 0 22 26
1 1 0 23 24
1 1 0 24 22
1 1 0 25 20
1 1 0 26 18
1 1 0 27 16
1 1 0 28 14
1 1 0 29 12
1 1 0 30 10
1 1 0 31 8
1 1 0 32 6
1 1 0 33 4
1 1 0 34 2
1 1 0 35 0
1 1 1 0 65
1 1 1 1 63
1 1 1 2 61
1 1 1 3 59
1 1 1 4 57
1 1 1 5 55
1 1 1 6 53
1 1 1 7 51
1 1 1 8 49
1 1 1 9 47
1 1 1 10 45
1 1 1 11 43
1 1 1 12 41
1 1 1 13 39
1 1 1 14 37
1 1 1 15 35
1 1 1 16 33
1 1 1 17 31
1 1 1 18 29
1 1 1 19 27
1 1 1 20 25
1 1 1 21 23
1 1 1 22 21
1 1 1 23 19
1 1 1 24 17
1 1 1 25 15
1 1 1 26 13
1 1 1 27 11
1 1 1 28 9
1 1 1 29 7
1 1 1 30 5
1 1 1 31 3
1 1 1 32 1
1 1 2 0 60
1 1 2 1 58
1 1 2 2 56
1 1 2 3 54
1 1 2 4 52
1 1 2 5 50
1 1 2 6 48
1 1 2 7 46
1 1 2 8 44
1 1 2 9 42
1 1 2 10 40
1 1 2 11 38
1 1 2 12 36
1 1 2 13 34
1 1 2 14 32
1 1 2 15 30
1 1 2 16 28
1 1 2 17 26
1 1 2 18 24
1 1 2 19 22
1 1 2 20 20
1 1 2 21 18
1 1 2 22 16
1 1 2 23 14
1 1 2 24 12
1 1 2 25 10
1 1 2 26 8
1 1 2 27 6
1 1 2 28 4
1 1 2 29 2
1 1 2 30 0
1 1 3 0 55
1 1 3 1 53
1 1 3 2 51
1 1 3 3 49
1 1 3 4 47
1 1 3 5 45
1 1 3 6 43
1 1 3 7 41
1 1 3 8 39
1 1 3 9 37
1 1 3 10 35
1 1 3 11 33
1 1 3 12 31
1 1 3 13 29
1 1 3 14 27
1 1 3 15 25
1 1 3 16 23
1 1 3 17 21
1 1 3 18 19
1 1 3 19 17
1 1 3 20 15
1 1 3 21 13
1 1 3 22 11
1 1 3 23 9
1 1 3 24 7
1 1 3 25 5
1 1 3 26 3
1 1 3 27 1
1 1 4 0 50
1 1 4 1 48
1 1 4 2 46
1 1 4 3 44
1 1 4 4 42
1 1 4 5 40
1 1 4 6 38
1 1 4 7 36
1 1 4 8 34
1 1 4 9 32
1 1 4 10 30
1 1 4 11 28
1 1 4 12 26
1 1 4 13 24
1 1 4 14 22
1 1 4 15 20
1 1 4 16 18
1 1 4 17 16
1 1 4 18 14
1 1 4 19 12
1 1 4 20 10
1 1 4 21 8
1 1 4 22 6
1 1 4 23 4
1 1 4 24 2
1 1 4 25 0
1 1 5 0 45
1 1 5 1 43
1 1 5 2 41
1 1 5 3 39
1 1 5 4 37
1 1 5 5 35
1 1 5 6 33
1 1 5 7 31
1 1 5 8 29
1 1 5 9 27
1 1 5 10 25
1 1 5 11 23
1 1 5 12 21
1 1 5 13 19
1 1 5 14 17
1 1 5 15 15
1 1 5 16 13
1 1 5 17 11
1 1 5 18 9
1 1 5 19 7
1 1 5 20 5
1 1 5 21 3
1 1 5 22 1
1 1 6 0 40
1 1 6 1 38
1 1 6 2 36
1 1 6 3 34
1 1 6 4 32
1 1 6 5 30
1 1 6 6 28
1 1 6 7 26
1 1 6 8 24
1 1 6 9 22
1 1 6 10 20
1 1 6 11 18
1 1 6 12 16
1 1 6 13 14
1 1 6 14 12
1 1 6 15 10
1 1 6 16 8
1 1 6 17 6
1 1 6 18 4
1 1 6 19 2
1 1 6 20 0
1 1 7 0 35
1 1 7 1 33
1 1 7 2 31
1 1 7 3 29
1 1 7 4 27
1 1 7 5 25
1 1 7 6 23
1 1 7 7 21
1 1 7 8 19
1 1 7 9 17
1 1 7 10 15
1 1 7 11 13
1 1 7 12 11
1 1 7 13 9
1 1 7 14 7
1 1 7 15 5
1 1 7 16 3
1 1 7 17 1
1 1 8 0 30
1 1 8 1 28
1 1 8 2 26
1 1 8 3 24
1 1 8 4 22
1 1 8 5 20
1 1 8 6 18
1 1 8 7 16
1 1 8 8 14
1 1 8 9 12
1 1 8 10 10
1 1 8 11 8
1 1 8 12 6
1 1 8 13 4
1 1 8 14 2
1 1 8 15 0
1 1 9 0 25
1 1 9 1 23
1 1 9 2 21
1 1 9 3 19
1 1 9 4 17
1 1 9 5 15
1 1 9 6 13
1 1 9 7 11
1 1 9 8 9
1 1 9 9 7
1 1 9 10 5
1 1 9 11 3
1 1 9 12 1
1 1 10 0 20
1 1 10 1 18
1 1 10 2 16
1 1 10 3 14
1 1 10 4 12
1 1 10 5 10
1 1 10 6 8
1 1 10 7 6
1 1 10 8 4
1 1 10 9 2
1 1 10 10 0
1 1 11 0 15
1 1 11 1 13
1 1 11 2 11
1 1 11 3 9
1 1 11 4 7
1 1 11 5 5
1 1 11 6 3
1 1 11 7 1
1 1 12 0 10
1 1 12 1 8
1 1 12 2 6
1 1 12 3 4
1 1 12 4 2
1 1 12 5 0
1 1 13 0 5
1 1 13 1 3
1 1 13 2 1
1 1 14 0 0
1 2 0 0 60
1 2 0 1 58
1 2 0 2 56
1 2 0 3 54
1 2 0 4 52
1 2 0 5 50
1 2 0 6 48
1 2 0 7 46
1 2 0 8 44
1 2 0 9 42
1 2 0 10 40
1 2 0 11 38
1 2 0 12 36
1 2 0 13 34
1 2 0 14 32
1 2 0 15 30
1 2 0 16 28
1 2 0 17 26
1 2 0 18 24
1 2 0 19 22
1 2 0 20 20
1 2 0 21 18
1 2 0 22 16
1 2 0 23 14
1 2 0 24 12
1 2 0 25 10
1 2 0 26 8
1 2 0 27 6
1 2 0 28 4
1 2 0 29 2
1 2 0 30 0
1 2 1 0 55
1 2 1 1 53
1 2 1 2 51
1 2 1 3 49
1 2 1 4 47
1 2 1 5 45
1 2 1 6 43
1 2 1 7 41
1 2 1 8 39
1 2 1 9 37
1 2 1 10 35
1 2 1 11 33
1 2 1 12 31
1 2 1 13 29
1 2 1 14 27
1 2 1 15 25
1 2 1 16 23
1 2 1 17 21
1 2 1 18 19
1 2 1 19 17
1 2 1 20 15
1 2 1 21 13
1 2 1 22 11
1 2 1 23 9
1 2 1 24 7
1 2 1 25 5
1 2 1 26 3
1 2 1 27 1
1 2 2 0 50
1 2 2 1 48
1 2 2 2 46
1 2 2 3 44
1 2 2 4 42
1 2 2 5 40
1 2 2 6 38
1 2 2 7 36
1 2 2 8 34
1 2 2 9 32
1 2 2 10 30
1 2 2 11 28
1 2 2 12 26
1 2 2 13 24
1 2 2 14 22
1 2 2 15 20
1 2 2 16 18
1 2 2 17 16
1 2 2 18 14
1 2 2 19 12
1 2 2 20 10
1 2 2 21 8
1 2 2 22 6
1 2 2 23 4
1 2 2 24 2
1 2 2 25 0
1 2 3 0 45
1 2 3 1 43
1 2 3 2 41
1 2 3 3 39
1 2 3 4 37
1 2 3 5 35
1 2 3 6 33
1 2 3 7 31
1 2 3 8 29
1 2 3 9 27
1 2 3 10 25
1 2 3 11 23
1 2 3 12 21
1 2 3 13 19
1 2 3 14 17
1 2 3 15 15
1 2 3 16 13
1 2 3 17 11
1 2 3 18 9
1 2 3 19 7
1 2 3 20 5
1 2 3 21 3
1 2 3 22 1
1 2 4 0 40
1 2 4 1 38
1 2 4 2 36
1 2 4 3 34
1 2 4 4 32
1 2 4 5 30
1 2 4 6 28
1 2 4 7 26
1 2 4 8 24
1 2 4 9 22
1 2 4 10 20
1 2 4 11 18
1 2 4 12 16
1 2 4 13 14
1 2 4 14 12
1 2 4 15 10
1 2 4 16 8
1 2 4 17 6
1 2 4 18 4
1 2 4 19 2
1 2 4 20 0
1 2 5 0 35
1 2 5 1 33
1 2 5 2 31
1 2 5 3 29
1 2 5 4 27
1 2 5 5 25
1 2 5 6 23
1 2 5 7 21
1 2 5 8 19
1 2 5 9 17
1 2 5 10 15
1 2 5 11 13
1 2 5 12 11
1 2 5 13 9
1 2 5 14 7
1 2 5 15 5
1 2 5 16 3
1 2 5 17 1
1 2 6 0 30
1 2 6 1 28
1 2 6 2 26
1 2 6 3 24
1 2 6 4 22
1 2 6 5 20
1 2 6 6 18
1 2 6 7 16
1 2 6 8 14
1 2 6 9 12
1 2 6 10 10
1 2 6 11 8
1 2 6 12 6
1 2 6 13 4
1 2 6 14 2
1 2 6 15 0
1 2 7 0 25
1 2 7 1 23
1 2 7 2 21
1 2 7 3 19
1 2 7 4 17
1 2 7 5 15
1 2 7 6 13
1 2 7 7 11
1 2 7 8 9
1 2 7 9 7
1 2 7 10 5
1 2 7 11 3
1 2 7 12 1
1 2 8 0 20
1 2 8 1 18
1 2 8 2 16
1 2 8 3 14
1 2 8 4 12
1 2 8 5 10
1 2 8 6 8
1 2 8 7 6
1 2 8 8 4
1 2 8 9 2
1 2 8 10 0
1 2 9 0 15
1 2 9 1 13
1 2 9 2 11
1 2 9 3 9
1 2 9 4 7
1 2 9 5 5
1 2 9 6 3
1 2 9 7 1
1 2 10 0 10
1 2 10 1 8
1 2 10 2 6
1 2 10 3 4
1 2 10 4 2
1 2 10 5 0
1 2 11 0 5
1 2 11 1 3
1 2 11 2 1
1 2 12 0 0
1 3 0 0 50
1 3 0 1 48
1 3 0 2 46
1 3 0 3 44
1 3 0 4 42
1 3 0 5 40
1 3 0 6 38
1 3 0 7 36
1 3 0 8 34
1 3 0 9 32
1 3 0 10 30
1 3 0 11 28
1 3 0 12 26
1 3 0 13 24
1 3 0 14 22
1 3 0 15 20
1 3 0 16 18
1 3 0 17 16
1 3 0 18 14
1 3 0 19 12
1 3 0 20 10
1 3 0 21 8
1 3 0 22 6
1 3 0 23 4
1 3 0 24 2
1 3 0 25 0
1 3 1 0 45
1 3 1 1 43
1 3 1 2 41
1 3 1 3 39
1 3 1 4 37
1 3 1 5 35
1 3 1 6 33
1 3 1 7 31
1 3 1 8 29
1 3 1 9 27
1 3 1 10 25
1 3 1 11 23
1 3 1 12 21
1 3 1 13 19
1 3 1 14 17
1 3 1 15 15
1 3 1 16 13
1 3 1 17 11
1 3 1 18 9
1 3 1 19 7
1 3 1 20 5
1 3 1 21 3
1 3 1 22 1
1 3 2 0 40
1 3 2 1 38
1 3 2 2 36
1 3 2 3 34
1 3 2 4 32
1 3 2 5 30
1 3 2 6 28
1 3 2 7 26
1 3 2 8 24
1 3 2 9 22
1 3 2 10 20
1 3 2 11 18
1 3 2 12 16
1 3 2 13 14
1 3 2 14 12
1 3 2 15 10
1 3 2 16 8
1 3 2 17 6
1 3 2 18 4
1 3 2 19 2
1 3 2 20 0
1 3 3 0 35
1 3 3 1 33
1 3 3 2 31
1 3 3 3 29
1 3 3 4 27
1 3 3 5 25
1 3 3 6 23
1 3 3 7 21
1 3 3 8 19
1 3 3 9 17
1 3 3 10 15
1 3 3 11 13
1 3 3 12 11
1 3 3 13 9
1 3 3 14 7
1 3 3 15 5
1 3 3 16 3
1 3 3 17 1
1 3 4 0 30
1 3 4 1 28
1 3 4 2 26
1 3 4 3 24
1 3 4 4 22
1 3 4 5 20
1 3 4 6 18
1 3 4 7 16
1 3 4 8 14
1 3 4 9 12
1 3 4 10 10
1 3 4 11 8
1 3 4 12 6
1 3 4 13 4
1 3 4 14 2
1 3 4 15 0
1 3 5 0 25
1 3 5 1 23
1 3 5 2 21
1 3 5 3 19
1 3 5 4 17
1 3 5 5 15
1 3 5 6 13
1 3 5 7 11
1 3 5 8 9
1 3 5 9 7
1 3 5 10 5
1 3 5 11 3
1 3 5 12 1
1 3 6 0 20
1 3 6 1 18
1 3 6 2 16
1 3 6 3 14
1 3 6 4 12
1 3 6 5 10
1 3 6 6 8
1 3 6 7 6
1 3 6 8 4
1 3 6 9 2
1 3 6 10 0
1 3 7 0 15
1 3 7 1 13
1 3 7 2 11
1 3 7 3 9
1 3 7 4 7
1 3 7 5 5
1 3 7 6 3
1 3 7 7 1
1 3 8 0 10
1 3 8 1 8
1 3 8 2 6
1 3 8 3 4
1 3 8 4 2
1 3 8 5 0
1 3 9 0 5
1 3 9 1 3
1 3 9 2 1
1 3 10 0 0
1 4 0 0 40
1 4 0 1 38
1 4 0 2 36
1 4 0 3 34
1 4 0 4 32
1 4 0 5 30
1 4 0 6 28
1 4 0 7 26
1 4 0 8 24
1 4 0 9 22
1 4 0 10 20
1 4 0 11 18
1 4 0 12 16
1 4 0 13 14
1 4 0 14 12
1 4 0 15 10
1 4 0 16 8
1 4 0 17 6
1 4 0 18 4
1 4 0 19 2
1 4 0 20 0
1 4 1 0 35
1 4 1 1 33
1 4 1 2 31
1 4 1 3 29
1 4 1 4 27
1 4 1 5 25
1 4 1 6 23
1 4 1 7 21
1 4 1 8 19
1 4 1 9 17
1 4 1 10 15
1 4 1 11 13
1 4 1 12 11
1 4 1 13 9
1 4 1 14 7
1 4 1 15 5
1 4 1 16 3
1 4 1 17 1
1 4 2 0 30
1 4 2 1 28
1 4 2 2 26
1 4 2 3 24
1 4 2 4 22
1 4 2 5 20
1 4 2 6 18
1 4 2 7 16
1 4 2 8 14
1 4 2 9 12
1 4 2 10 10
1 4 2 11 8
1 4 2 12 6
1 4 2 13 4
1 4 2 14 2
1 4 2 15 0
1 4 3 0 25
1 4 3 1 23
1 4 3 2 21
1 4 3 3 19
1 4 3 4 17
1 4 3 5 15
1 4 3 6 13
1 4 3 7 11
1 4 3 8 9
1 4 3 9 7
1 4 3 10 5
1 4 3 11 3
1 4 3 12 1
1 4 4 0 20
1 4 4 1 18
1 4 4 2 16
1 4 4 3 14
1 4 4 4 12
1 4 4 5 10
1 4 4 6 8
1 4 4 7 6
1 4 4 8 4
1 4 4 9 2
1 4 4 10 0
1 4 5 0 15
1 4 5 1 13
1 4 5 2 11
1 4 5 3 9
1 4 5 4 7
1 4 5 5 5
1 4 5 6 3
1 4 5 7 1
1 4 6 0 10
1 4 6 1 8
1 4 6 2 6
1 4 6 3 4
1 4 6 4 2
1 4 6 5 0
1 4 7 0 5
1 4 7 1 3
1 4 7 2 1
1 4 8 0 0
1 5 0 0 30
1 5 0 1 28
1 5 0 2 26
1 5 0 3 24
1 5 0 4 22
1 5 0 5 20
1 5 0 6 18
1 5 0 7 16
1 5 0 8 14
1 5 0 9 12
1 5 0 10 10
1 5 0 11 8
1 5 0 12 6
1 5 0 13 4
1 5 0 14 2
1 5 0 15 0
1 5 1 0 25
1 5 1 1 23
1 5 1 2 21
1 5 1 3 19
1 5 1 4 17
1 5 1 5 15
1 5 1 6 13
1 5 1 7 11
1 5 1 8 9
1 5 1 9 7
1 5 1 10 5
1 5 1 11 3
1 5 1 12 1
1 5 2 0 20
1 5 2 1 18
1 5 2 2 16
1 5 2 3 14
1 5 2 4 12
1 5 2 5 10
1 5 2 6 8
1 5 2 7 6
1 5 2 8 4
1 5 2 9 2
1 5 2 10 0
1 5 3 0 15
1 5 3 1 13
1 5 3 2 11
1 5 3 3 9
1 5 3 4 7
1 5 3 5 5
1 5 3 6 3
1 5 3 7 1
1 5 4 0 10
1 5 4 1 8
1 5 4 2 6
1 5 4 3 4
1 5 4 4 2
1 5 4 5 0
1 5 5 0 5
1 5 5 1 3
1 5 5 2 1
1 5 6 0 0
1 6 0 0 20
1 6 0 1 18
1 6 0 2 16
1 6 0 3 14
1 6 0 4 12
1 6 0 5 10
1 6 0 6 8
1 6 0 7 6
1 6 0 8 4
1 6 0 9 2
1 6 0 10 0
1 6 1 0 15
1 6 1 1 13
1 6 1 2 11
1 6 1 3 9
1 6 1 4 7
1 6 1 5 5
1 6 1 6 3
1 6 1 7 1
1 6 2 0 10
1 6 2 1 8
1 6 2 2 6
1 6 2 3 4
1 6 2 4 2
1 6 2 5 0
1 6 3 0 5
1 6 3 1 3
1 6 3 2 1
1 6 4 0 0
1 7 0 0 10
1 7 0 1 8
1 7 0 2 6
1 7 0 3 4
1 7 0 4 2
1 7 0 5 0
1 7 1 0 5
1 7 1 1 3
1 7 1 2 1
1 7 2 0 0
1 8 0 0 0
2 0 0 0 60
2 0 0 1 58
2 0 0 2 56
2 0 0 3 54
2 0 0 4 52
2 0 0 5 50
2 0 0 6 48
2 0 0 7 46
2 0 0 8 44
2 0 0 9 42
2 0 0 10 40
2 0 0 11 38
2 0 0 12 36
2 0 0 13 34
2 0 0 14 32
2 0 0 15 30
2 0 0 16 28
2 0 0 17 26
2 0 0 18 24
2 0 0 19 22
2 0 0 20 20
2 0 0 21 18
2 0 0 22 16
2 0 0 23 14
2 0 0 24 12
2 0 0 25 10
2 0 0 26 8
2 0 0 27 6
2 0 0 28 4
2 0 0 29 2
2 0 0 30 0
2 0 1 0 55
2 0 1 1 53
2 0 1 2 51
2 0 1 3 49
2 0 1 4 47
2 0 1 5 45
2 0 1 6 43
2 0 1 7 41
2 0 1 8 39
2 0 1 9 37
2 0 1 10 35
2 0 1 11 33
2 0 1 12 31
2 0 1 13 29
2 0 1 14 27
2 0 1 15 25
2 0 1 16 23
2 0 1 17 21
2 0 1 18 19
2 0 1 19 17
2 0 1 20 15
2 0 1 21 13
2 0 1 22 11
2 0 1 23 9
2 0 1 24 7
2 0 1 25 5
2 0 1 26 3
2 0 1 27 1
2 0 2 0 50
2 0 2 1 48
2 0 2 2 46
2 0 2 3 44
2 0 2 4 42
2 0 2 5 40
2 0 2 6 38
2 0 2 7 36
2 0 2 8 34
2 0 2 9 32
2 0 2 10 30
2 0 2 11 28
2 0 2 12 26
2 0 2 13 24
2 0 2 14 22
2 0 2 15 20
2 0 2 16 18
2 0 2 17 16
2 0 2 18 14
2 0 2 19 12
2 0 2 20 10
2 0 2 21 8
2 0 2 22 6
2 0 2 23 4
2 0 2 24 2
2 0 2 25 0
2 0 3 0 45
2 0 3 1 43
2 0 3 2 41
2 0 3 3 39
2 0 3 4 37
2 0 3 5 35
2 0 3 6 33
2 0 3 7 31
2 0 3 8 29
2 0 3 9 27
2 0 3 10 25
2 0 3 11 23
2 0 3 12 21
2 0 3 13 19
2 0 3 14 17
2 0 3 15 15
2 0 3 16 13
2 0 3 17 11
2 0 3 18 9
2 0 3 19 7
2 0 3 20 5
2 0 3 21 3
2 0 3 22 1
2 0 4 0 40
2 0 4 1 38
2 0 4 2 36
2 0 4 3 34
2 0 4 4 32
2 0 4 5 30
2 0 4 6 28
2 0 4 7 26
2 0 4 8 24
2 0 4 9 22
2 0 4 10 20
2 0 4 11 18
2 0 4 12 16
2 0 4 13 14
2 0 4 14 12
2 0 4 15 10
2 0 4 16 8
2 0 4 17 6
2 0 4 18 4
2 0 4 19 2
2 0 4 20 0
2 0 5 0 35
2 0 5 1 33
2 0 5 2 31
2 0 5 3 29
2 0 5 4 27
2 0 5 5 25
2 0 5 6 23
2 0 5 7 21
2 0 5 8 19
2 0 5 9 17
2 0 5 10 15
2 0 5 11 13
2 0 5 12 11
2 0 5 13 9
2 0 5 14 7
2 0 5 15 5
2 0 5 16 3
2 0 5 17 1
2 0 6 0 30
2 0 6 1 28
2 0 6 2 26
2 0 6 3 24
2 0 6 4 22
2 0 6 5 20
2 0 6 6 18
2 0 6 7 16
2 0 6 8 14
2 0 6 9 12
2 0 6 10 10
2 0 6 11 8
2 0 6 12 6
2 0 6 13 4
2 0 6 14 2
2 0 6 15 0
2 0 7 0 25
2 0 7 1 23
2 0 7 2 21
2 0 7 3 19
2 0 7 4 17
2 0 7 5 15
2 0 7 6 13
2 0 7 7 11
2 0 7 8 9
2 0 7 9 7
2 0 7 10 5
2 0 7 11 3
2 0 7 12 1
2 0 8 0 20
2 0 8 1 18
2 0 8 2 16
2 0 8 3 14
2 0 8 4 12
2 0 8 5 10
2 0 8 6 8
2 0 8 7 6
2 0 8 8 4
2 0 8 9 2
2 0 8 10 0
2 0 9 0 15
2 0 9 1 13
2 0 9 2 11
2 0 9 3 9
2 0 9 4 7
2 0 9 5 5
2 0 9 6 3
2 0 9 7 1
2 0 10 0 10
2 0 10 1 8
2 0 10 2 6
2 0 10 3 4
2 0 10 4 2
2 0 10 5 0
2 0 11 0 5
2 0 11 1 3
2 0 11 2 1
2 0 12 0 0
2 1 0 0 50
2 1 0 1 48
2 1 0 2 46
2 1 0 3 44
2 1 0 4 42
2 1 0 5 40
2 1 0 6 38
2 1 0 7 36
2 1 0 8 34
2 1 0 9 32
2 1 0 10 30
2 1 0 11 28
2 1 0 12 26
2 1 0 13 24
2 1 0 14 22
2 1 0 15 20
2 1 0 16 18
2 1 0 17 16
2 1 0 18 14
2 1 0 19 12
2 1 0 20 10
2 1 0 21 8
2 1 0 22 6
2 1 0 23 4
2 1 0 24 2
2 1 0 25 0
2 1 1 0 45
2 1 1 1 43
2 1 1 2 41
2 1 1 3 39
2 1 1 4 37
2 1 1 5 35
2 1 1 6 33
2 1 1 7 31
2 1 1 8 29
2 1 1 9 27
2 1 1 10 25
2 1 1 11 23
2 1 1 12 21
2 1 1 13 19
2 1 1 14 17
2 1 1 15 15
2 1 1 16 13
2 1 1 17 11
2 1 1 18 9
2 1 1 19 7
2 1 1 20 5
2 1 1 21 3
2 1 1 22 1
2 1 2 0 40
2 1 2 1 38
2 1 2 2 36
2 1 2 3 34
2 1 2 4 32
2 1 2 5 30
2 1 2 6 28
2 1 2 7 26
2 1 2 8 24
2 1 2 9 22
2 1 2 10 20
2 1 2 11 18
2 1 2 12 16
2 1 2 13 14
2 1 2 14 12
2 1 2 15 10
2 1 2 16 8
2 1 2 17 6
2 1 2 18 4
2 1 2 19 2
2 1 2 20 0
2 1 3 0 35
2 1 3 1 33
2 1 3 2 31
2 1 3 3 29
2 1 3 4 27
2 1 3 5 25
2 1 3 6 23
2 1 3 7 21
2 1 3 8 19
2 1 3 9 17
2 1 3 10 15
2 1 3 11 13
2 1 3 12 11
2 1 3 13 9
2 1 3 14 7
2 1 3 15 5
2 1 3 16 3
2 1 3 17 1
2 1 4 0 30
2 1 4 1 28
2 1 4 2 26
2 1 4 3 24
2 1 4 4 22
2 1 4 5 20
2 1 4 6 18
2 1 4 7 16
2 1 4 8 14
2 1 4 9 12
2 1 4 10 10
2 1 4 11 8
2 1 4 12 6
2 1 4 13 4
2 1 4 14 2
2 1 4 15 0
2 1 5 0 25
2 1 5 1 23
2 1 5 2 21
2 1 5 3 19
2 1 5 4 17
2 1 5 5 15
2 1 5 6 13
2 1 5 7 11
2 1 5 8 9
2 1 5 9 7
2 1 5 10 5
2 1 5 11 3
2 1 5 12 1
2 1 6 0 20
2 1 6 1 18
2 1 6 2 16
2 1 6 3 14
2 1 6 4 12
2 1 6 5 10
2 1 6 6 8
2 1 6 7 6
2 1 6 8 4
2 1 6 9 2
2 1 6 10 0
2 1 7 0 15
2 1 7 1 13
2 1 7 2 11
2 1 7 3 9
2 1 7 4 7
2 1 7 5 5
2 1 7 6 3
2 1 7 7 1
2 1 8 0 10
2 1 8 1 8
2 1 8 2 6
2 1 8 3 4
2 1 8 4 2
2 1 8 5 0
2 1 9 0 5
2 1 9 1 3
2 1 9 2 1
2 1 10 0 0
2 2 0 0 40
2 2 0 1 38
2 2 0 2 36
2 2 0 3 34
2 2 0 4 32
2 2 0 5 30
2 2 0 6 28
2 2 0 7 26
2 2 0 8 24
2 2 0 9 22
2 2 0 10 20
2 2 0 11 18
2 2 0 12 16
2 2 0 13 14
2 2 0 14 12
2 2 0 15 10
2 2 0 16 8
2 2 0 17 6
2 2 0 18 4
2 2 0 19 2
2 2 0 20 0
2 2 1 0 35
2 2 1 1 33
2 2 1 2 31
2 2 1 3 29
2 2 1 4 27
2 2 1 5 25
2 2 1 6 23
2 2 1 7 21
2 2 1 8 19
2 2 1 9 17
2 2 1 10 15
2 2 1 11 13
2 2 1 12 11
2 2 1 13 9
2 2 1 14 7
2 2 1 15 5
2 2 1 16 3
2 2 1 17 1
2 2 2 0 30
2 2 2 1 28
2 2 2 2 26
2 2 2 3 24
2 2 2 4 22
2 2 2 5 20
2 2 2 6 18
2 2 2 7 16
2 2 2 8 14
2 2 2 9 12
2 2 2 10 10
2 2 2 11 8
2 2 2 12 6
2 2 2 13 4
2 2 2 14 2
2 2 2 15 0
2 2 3 0 25
2 2 3 1 23
2 2 3 2 21
2 2 3 3 19
2 2 3 4 17
2 2 3 5 15
2 2 3 6 13
2 2 3 7 11
2 2 3 8 9
2 2 3 9 7
2 2 3 10 5
2 2 3 11 3
2 2 3 12 1
2 2 4 0 20
2 2 4 1 18
2 2 4 2 16
2 2 4 3 14
2 2 4 4 12
2 2 4 5 10
2 2 4 6 8
2 2 4 7 6
2 2 4 8 4
2 2 4 9 2
2 2 4 10 0
2 2 5 0 15
2 2 5 1 13
2 2 5 2 11
2 2 5 3 9
2 2 5 4 7
2 2 5 5 5
2 2 5 6 3
2 2 5 7 1
2 2 6 0 10
2 2 6 1 8
2 2 6 2 6
2 2 6 3 4
2 2 6 4 2
2 2 6 5 0
2 2 7 0 5
2 2 7 1 3
2 2 7 2 1
2 2 8 0 0
2 3 0 0 30
2 3 0 1 28
2 3 0 2 26
2 3 0 3 24
2 3 0 4 22
2 3 0 5 20
2 3 0 6 18
2 3 0 7 16
2 3 0 8 14
2 3 0 9 12
2 3 0 10 10
2 3 0 11 8
2 3 0 12 6
2 3 0 13 4
2 3 0 14 2
2 3 0 15 0
2 3 1 0 25
2 3 1 1 23
2 3 1 2 21
2 3 1 3 19
2 3 1 4 17
2 3 1 5 15
2 3 1 6 13
2 3 1 7 11
2 3 1 8 9
2 3 1 9 7
2 3 1 10 5
2 3 1 11 3
2 3 1 12 1
2 3 2 0 20
2 3 2 1 18
2 3 2 2 16
2 3 2 3 14
2 3 2 4 12
2 3 2 5 10
2 3 2 6 8
2 3 2 7 6
2 3 2 8 4
2 3 2 9 2
2 3 2 10 0
2 3 3 0 15
2 3 3 1 13
2 3 3 2 11
2 3 3 3 9
2 3 3 4 7
2 3 3 5 5
2 3 3 6 3
2 3 3 7 1
2 3 4 0 10
2 3 4 1 8
2 3 4 2 6
2 3 4 3 4
2 3 4 4 2
2 3 4 5 0
2 3 5 0 5
2 3 5 1 3
2 3 5 2 1
2 3 6 0 0
2 4 0 0 20
2 4 0 1 18
2 4 0 2 16
2 4 0 3 14
2 4 0 4 12
2 4 0 5 10
2 4 0 6 8
2 4 0 7 6
2 4 0 8 4
2 4 0 9 2
2 4 0 10 0
2 4 1 0 15
2 4 1 1 13
2 4 1 2 11
2 4 1 3 9
2 4 1 4 7
2 4 1 5 5
2 4 1 6 3
2 4 1 7 1
2 4 2 0 10
2 4 2 1 8
2 4 2 2 6
2 4 2 3 4
2 4 2 4 2
2 4 2 5 0
2 4 3 0 5
2 4 3 1 3
2 4 3 2 1
2 4 4 0 0
2 5 0 0 10
2 5 0 1 8
2 5 0 2 6
2 5 0 3 4
2 5 0 4 2
2 5 0 5 0
2 5 1 0 5
2 5 1 1 3
2 5 1 2 1
2 5 2 0 0
2 6 0 0 0
3 0 0 0 40
3 0 0 1 38
3 0 0 2 36
3 0 0 3 34
3 0 0 4 32
3 0 0 5 30
3 0 0 6 28
3 0 0 7 26
3 0 0 8 24
3 0 0 9 22
3 0 0 10 20
3 0 0 11 18
3 0 0 12 16
3 0 0 13 14
3 0 0 14 12
3 0 0 15 10
3 0 0 16 8
3 0 0 17 6
3 0 0 18 4
3 0 0 19 2
3 0 0 20 0
3 0 1 0 35
3 0 1 1 33
3 0 1 2 31
3 0 1 3 29
3 0 1 4 27
3 0 1 5 25
3 0 1 6 23
3 0 1 7 21
3 0 1 8 19
3 0 1 9 17
3 0 1 10 15
3 0 1 11 13
3 0 1 12 11
3 0 1 13 9
3 0 1 14 7
3 0 1 15 5
3 0 1 16 3
3 0 1 17 1
3 0 2 0 30
3 0 2 1 28
3 0 2 2 26
3 0 2 3 24
3 0 2 4 22
3 0 2 5 20
3 0 2 6 18
3 0 2 7 16
3 0 2 8 14
3 0 2 9 12
3 0 2 10 10
3 0 2 11 8
3 0 2 12 6
3 0 2 13 4
3 0 2 14 2
3 0 2 15 0
3 0 3 0 25
3 0 3 1 23
3 0 3 2 21
3 0 3 3 19
3 0 3 4 17
3 0 3 5 15
3 0 3 6 13
3 0 3 7 11
3 0 3 8 9
3 0 3 9 7
3 0 3 10 5
3 0 3 11 3
3 0 3 12 1
3 0 4 0 20
3 0 4 1 18
3 0 4 2 16
3 0 4 3 14
3 0 4 4 12
3 0 4 5 10
3 0 4 6 8
3 0 4 7 6
3 0 4 8 4
3 0 4 9 2
3 0 4 10 0
3 0 5 0 15
3 0 5 1 13
3 0 5 2 11
3 0 5 3 9
3 0 5 4 7
3 0 5 5 5
3 0 5 6 3
3 0 5 7 1
3 0 6 0 10
3 0 6 1 8
3 0 6 2 6
3 0 6 3 4
3 0 6 4 2
3 0 6 5 0
3 0 7 0 5
3 0 7 1 3
3 0 7 2 1
3 0 8 0 0
3 1 0 0 30
3 1 0 1 28
3 1 0 2 26
3 1 0 3 24
3 1 0 4 22
3 1 0 5 20
3 1 0 6 18
3 1 0 7 16
3 1 0 8 14
3 1 0 9 12
3 1 0 10 10
3 1 0 11 8
3 1 0 12 6
3 1 0 13 4
3 1 0 14 2
3 1 0 15 0
3 1 1 0 25
3 1 1 1 23
3 1 1 2 21
3 1 1 3 19
3 1 1 4 17
3 1 1 5 15
3 1 1 6 13
3 1 1 7 11
3 1 1 8 9
3 1 1 9 7
3 1 1 10 5
3 1 1 11 3
3 1 1 12 1
3 1 2 0 20
3 1 2 1 18
3 1 2 2 16
3 1 2 3 14
3 1 2 4 12
3 1 2 5 10
3 1 2 6 8
3 1 2 7 6
3 1 2 8 4
3 1 2 9 2
3 1 2 10 0
3 1 3 0 15
3 1 3 1 13
3 1 3 2 11
3 1 3 3 9
3 1 3 4 7
3 1 3 5 5
3 1 3 6 3
3 1 3 7 1
3 1 4 0 10
3 1 4 1 8
3 1 4 2 6
3 1 4 3 4
3 1 4 4 2
3 1 4 5 0
3 1 5 0 5
3 1 5 1 3
3 1 5 2 1
3 1 6 0 0
3 2 0 0 20
3 2 0 1 18
3 2 0 2 16
3 2 0 3 14
3 2 0 4 12
3 2 0 5 10
3 2 0 6 8
3 2 0 7 6
3 2 0 8 4
3 2 0 9 2
3 2 0 10 0
3 2 1 0 15
3 2 1 1 13
3 2 1 2 11
3 2 1 3 9
3 2 1 4 7
3 2 1 5 5
3 2 1 6 3
3 2 1 7 1
3 2 2 0 10
3 2 2 1 8
3 2 2 2 6
3 2 2 3 4
3 2 2 4 2
3 2 2 5 0
3 2 3 0 5
3 2 3 1 3
3 2 3 2 1
3 2 4 0 0
3 3 0 0 10
3 3 0 1 8
3 3 0 2 6
3 3 0 3 4
3 3 0 4 2
3 3 0 5 0
3 3 1 0 5
3 3 1 1 3
3 3 1 2 1
3 3 2 0 0
3 4 0 0 0
4 0 0 0 20
4 0 0 1 18
4 0 0 2 16
4 0 0 3 14
4 0 0 4 12
4 0 0 5 10
4 0 0 6 8
4 0 0 7 6
4 0 0 8 4
4 0 0 9 2
4 0 0 10 0
4 0 1 0 15
4 0 1 1 13
4 0 1 2 11
4 0 1 3 9
4 0 1 4 7
4 0 1 5 5
4 0 1 6 3
4 0 1 7 1
4 0 2 0 10
4 0 2 1 8
4 0 2 2 6
4 0 2 3 4
4 0 2 4 2
4 0 2 5 0
4 0 3 0 5
4 0 3 1 3
4 0 3 2 1
4 0 4 0 0
4 1 0 0 10
4 1 0 1 8
4 1 0 2 6
4 1 0 3 4
4 1 0 4 2
4 1 0 5 0
4 1 1 0 5
4 1 1 1 3
4 1 1 2 1
4 1 2 0 0
4 2 0 0 0
5 0 0 0 0
4111